# Camera list with one line of data per camera:
#   CAMERA_ID, MODEL, WIDTH, HEIGHT, PARAMS[]
# Number of cameras: 12
1 PINHOLE 1280 720 820.5634 813.237 640.0 360.0
2 PINHOLE 1280 720 820.5634 813.237 640.0 360.0
3 PINHOLE 1280 720 820.5634 813.237 640.0 360.0
4 PINHOLE 1280 720 820.5634 813.237 640.0 360.0
5 PINHOLE 1280 720 820.5634 813.237 640.0 360.0
6 PINHOLE 1280 720 820.5634 813.237 640.0 360.0
7 PINHOLE 1280 720 820.5634 813.237 640.0 360.0
8 PINHOLE 1280 720 820.5634 813.237 640.0 360.0
9 PINHOLE 1280 720 820.5634 813.237 640.0 360.0
10 PINHOLE 1280 720 820.5634 813.237 640.0 360.0
11 PINHOLE 1280 720 820.5634 813.237 640.0 360.0
12 PINHOLE 1280 720 820.5634 813.237 640.0 360.0
